085,exam1,4,14
085,exam1,3,19
085,exam1,10,9
085,exam1,22,16
085,exam1,21,6
085,exam1,2,7
085,exam1,15,2
085,exam1,9,25
085,exam1,6,25
085,exam1,18(37-72),8
085,exam1,14,2
085,exam1,5,11
085,exam1,1,17
085,exam1,19,0
085,exam1,20,16
085,exam1,8,9
085,exam1,18(1-36),8
085,exam1,16,23
085,exam1,17,18
085,exam1,13,3
057,exam1,10,11
057,exam1,22,18
057,exam1,12,25
057,exam1,21,9
057,exam1,2,17
057,exam1,15,3
057,exam1,9,19
057,exam1,14,9
057,exam1,19(1-34),8
057,exam1,23,16
057,exam1,11,25
057,exam1,20,0
057,exam1,8,14
057,exam1,19(35-68),8
057,exam1,16,2
057,exam1,18,23
057,exam1,17,2
051,exam1,4,19
051,exam1,3,25
051,exam1,10,9
051,exam1,7,25
051,exam1,22,16
051,exam1,12,2
051,exam1,21,18
051,exam1,2,7
051,exam1,15,18
051,exam1,6,11
051,exam1,14,23
051,exam1,5,14
051,exam1,16(1-36),8
051,exam1,11,3
051,exam1,16(37-72),8
051,exam1,1,17
051,exam1,19,6
051,exam1,20,16
051,exam1,8,9
051,exam1,18,16
051,exam1,17,0
051,exam1,13,2
014,exam1,4,19
014,exam1,3,25
014,exam1,7,25
014,exam1,22,6
014,exam1,21,16
014,exam1,19(1-36),8
014,exam1,2,7
014,exam1,15,2
014,exam1,9,9
014,exam1,6,11
014,exam1,14,3
014,exam1,19(37-72),8
014,exam1,5,14
014,exam1,11,9
014,exam1,1,17
014,exam1,20,0
014,exam1,8,9
014,exam1,16,2
014,exam1,18,18
014,exam1,17,23
014,exam1,13,25
073,exam1,4,19
073,exam1,3,14
073,exam1,14(1-38),8
073,exam1,10,2
073,exam1,7,25
073,exam1,12,4
073,exam1,2,7
073,exam1,15,0
073,exam1,9,9
073,exam1,6,25
073,exam1,5,11
073,exam1,11,2
073,exam1,1,17
073,exam1,19,6
073,exam1,14(39-76),8
073,exam1,16,9
073,exam1,18,16
073,exam1,17,18
073,exam1,13,23
029,exam1,4,14
029,exam1,3,19
029,exam1,16(41-80),8
029,exam1,10,9
029,exam1,12,2
029,exam1,21,6
029,exam1,2,7
029,exam1,15,18
029,exam1,9,25
029,exam1,6,25
029,exam1,14,23
029,exam1,5,11
029,exam1,16(1-40),8
029,exam1,11,2
029,exam1,1,17
029,exam1,19,6
029,exam1,20,16
029,exam1,8,9
029,exam1,18,16
029,exam1,17,0
029,exam1,13,4
013,exam1,27,12
013,exam1,4,19
013,exam1,3,14
013,exam1,10,22
013,exam1,22,0
013,exam1,25,9
013,exam1,2,7
013,exam1,21(35-68),8
013,exam1,6,11
013,exam1,14,25
013,exam1,5,25
013,exam1,28,12
013,exam1,23,12
013,exam1,26,9
013,exam1,21(1-34),8
013,exam1,29,13
013,exam1,11,21
013,exam1,1,17
013,exam1,19,23
013,exam1,20,18
013,exam1,16,2
013,exam1,18,4
013,exam1,17,4
093,exam1,30,3
093,exam1,15(even),14
093,exam1,32,16
093,exam1,15(odd),19
093,exam1,12,7
093,exam1,25,9
093,exam1,11(odd),20
093,exam1,36,6
093,exam1,6,9
093,exam1,16(21-40),8
093,exam1,16(1-20),8
093,exam1,14,7
093,exam1,5,9
093,exam1,24,9
093,exam1,23,28
093,exam1,29,25
093,exam1,31,2
093,exam1,19,18
093,exam1,20,18
093,exam1,8,9
093,exam1,11(even),15
093,exam1,18,18
093,exam1,17,10
005,exam1,30,23
005,exam1,27,25
005,exam1,38,12
005,exam1,4,14
005,exam1,35,9
005,exam1,3,7
005,exam1,32,0
005,exam1,7,11
005,exam1,22,18
005,exam1,12,21
005,exam1,2,17
005,exam1,39,13
005,exam1,36,9
005,exam1,6,25
005,exam1,31(1-40),8
005,exam1,34,9
005,exam1,5,19
005,exam1,24,18
005,exam1,28,3
005,exam1,33,12
005,exam1,23,18
005,exam1,26,25
005,exam1,29,2
005,exam1,11,22
005,exam1,31(41-80),8
005,exam1,19,18
005,exam1,16,18
005,exam1,37,12
005,exam1,17,18
015,exam1,4,25
015,exam1,3,7
015,exam1,17(1-36),8
015,exam1,7,11
015,exam1,12,3
015,exam1,21,6
015,exam1,2,17
015,exam1,17(37-72),8
015,exam1,15,23
015,exam1,9,9
015,exam1,6,14
015,exam1,14,2
015,exam1,5,19
015,exam1,11,9
015,exam1,19,16
015,exam1,20,6
015,exam1,8,25
015,exam1,16,18
015,exam1,18,0
015,exam1,13,2
065,exam1,27,12
065,exam1,4,25
065,exam1,3,7
065,exam1,21(37-72),8
065,exam1,10,18
065,exam1,7,11
065,exam1,22,0
065,exam1,25,9
065,exam1,21(1-36),8
065,exam1,15,18
065,exam1,9,18
065,exam1,6,14
065,exam1,14,18
065,exam1,5,19
065,exam1,28,12
065,exam1,23,12
065,exam1,26,12
065,exam1,29,13
065,exam1,11,18
065,exam1,1,17
065,exam1,19,23
065,exam1,20,18
065,exam1,8,25
065,exam1,16,3
065,exam1,18,2
065,exam1,17,2
031,exam1,4,19
031,exam1,3,25
031,exam1,10,3
031,exam1,7,25
031,exam1,12,2
031,exam1,2,7
031,exam1,9,9
031,exam1,6,11
031,exam1,14,18
031,exam1,15(37-72),8
031,exam1,5,14
031,exam1,15(1-36),8
031,exam1,11,2
031,exam1,1,17
031,exam1,19,18
031,exam1,20,6
031,exam1,8,9
031,exam1,16,0
031,exam1,18,16
031,exam1,17,18
031,exam1,13,23
100,exam1,4,19
100,exam1,3,14
100,exam1,22,18
100,exam1,12,25
100,exam1,21,16
100,exam1,2,7
100,exam1,17(41-80),8
100,exam1,15,2
100,exam1,6,11
100,exam1,14,2
100,exam1,5,25
100,exam1,24,6
100,exam1,11,9
100,exam1,1,17
100,exam1,19,9
100,exam1,20,18
100,exam1,16,23
100,exam1,18,0
100,exam1,17(1-40),8
100,exam1,13,25
063,exam1,3,7
063,exam1,10,9
063,exam1,7,11
063,exam1,22,6
063,exam1,19(1-40),8
063,exam1,21,16
063,exam1,2,17
063,exam1,15,2
063,exam1,9,9
063,exam1,6,14
063,exam1,14,3
063,exam1,5,19
063,exam1,19(41-80),8
063,exam1,11,25
063,exam1,20,0
063,exam1,8,25
063,exam1,16,2
063,exam1,18,18
063,exam1,17,23
063,exam1,13,9
018,exam1,4,9
018,exam1,3,9
018,exam1,10,3
018,exam1,7,14
018,exam1,22,12
018,exam1,12,4
018,exam1,21,12
018,exam1,2,7
018,exam1,9,25
018,exam1,6,19
018,exam1,14,18
018,exam1,15(37-72),8
018,exam1,5,25
018,exam1,23,13
018,exam1,15(1-36),8
018,exam1,11,2
018,exam1,1,17
018,exam1,19,9
018,exam1,20,12
018,exam1,8,11
018,exam1,16,0
018,exam1,17,12
018,exam1,13,23
023,exam1,20(1-40),8
023,exam1,4,19
023,exam1,3,7
023,exam1,7,25
023,exam1,22,16
023,exam1,25,16
023,exam1,21,0
023,exam1,20(41-80),8
023,exam1,2,17
023,exam1,15,3
023,exam1,9,9
023,exam1,6,11
023,exam1,14,25
023,exam1,5,14
023,exam1,24,18
023,exam1,23,6
023,exam1,11,9
023,exam1,19,18
023,exam1,16,2
023,exam1,18,23
023,exam1,17,2
023,exam1,13,9
067,exam1,4,19
067,exam1,3,7
067,exam1,10,9
067,exam1,7,25
067,exam1,12,2
067,exam1,2,17
067,exam1,6,11
067,exam1,14,23
067,exam1,5,14
067,exam1,11,2
067,exam1,15(1-40),8
067,exam1,19,16
067,exam1,20,6
067,exam1,8,25
067,exam1,16,0
067,exam1,18,18
067,exam1,15(41-80),8
067,exam1,17,9
067,exam1,13,2
009,exam1,23(1-44),8
009,exam1,4,7
009,exam1,3,17
009,exam1,10,9
009,exam1,19(45-88),8
009,exam1,7,14
009,exam1,22,6
009,exam1,12,9
009,exam1,23(45-88),8
009,exam1,25,18
009,exam1,21,16
009,exam1,15,2
009,exam1,9,25
009,exam1,6,19
009,exam1,14,2
009,exam1,24,0
009,exam1,19(1-44),8
009,exam1,20,0
009,exam1,8,11
009,exam1,16,4
009,exam1,18,18
009,exam1,17,23
009,exam1,13,25
032,exam1,4,14
032,exam1,3,7
032,exam1,10,9
032,exam1,7,25
032,exam1,12,2
032,exam1,21,6
032,exam1,2,17
032,exam1,17(41-80),8
032,exam1,15,9
032,exam1,6,11
032,exam1,14,23
032,exam1,5,19
032,exam1,11,2
032,exam1,19,16
032,exam1,20,18
032,exam1,8,25
032,exam1,16,18
032,exam1,18,0
032,exam1,17(1-40),8
032,exam1,13,4
090,exam1,4,14
090,exam1,3,19
090,exam1,10,9
090,exam1,12,2
090,exam1,2,7
090,exam1,15,18
090,exam1,9,25
090,exam1,6,25
090,exam1,14,23
090,exam1,5,11
090,exam1,16(1-36),8
090,exam1,11,2
090,exam1,16(37-72),8
090,exam1,1,17
090,exam1,19,6
090,exam1,20,16
090,exam1,8,9
090,exam1,18,16
090,exam1,17,0
090,exam1,13,2
000,exam1,3,7
000,exam1,7,11
000,exam1,22,16
000,exam1,12,25
000,exam1,21,6
000,exam1,2,17
000,exam1,15,4
000,exam1,9,9
000,exam1,6,14
000,exam1,18(39-76),8
000,exam1,14,4
000,exam1,5,19
000,exam1,23,18
000,exam1,11,9
000,exam1,19,0
000,exam1,20,16
000,exam1,8,25
000,exam1,16,23
000,exam1,17,18
000,exam1,13,2
000,exam1,18(1-38),8
088,exam1,30,11
088,exam1,27,25
088,exam1,38,23
088,exam1,35,2
088,exam1,32,9
088,exam1,40(37-72),8
088,exam1,44,16
088,exam1,22,21
088,exam1,12,26
088,exam1,25,25
088,exam1,2,7
088,exam1,39,18
088,exam1,36,2
088,exam1,45,1
088,exam1,34,9
088,exam1,41,0
088,exam1,24,22
088,exam1,28,19
088,exam1,40(1-36),8
088,exam1,23,26
088,exam1,26,11
088,exam1,29,14
088,exam1,43,6
088,exam1,31,25
088,exam1,11,21
088,exam1,1,17
088,exam1,37,4
088,exam1,13,22
088,exam1,42,16
061,exam1,4,19
061,exam1,3,14
061,exam1,22,6
061,exam1,12,25
061,exam1,21,16
061,exam1,2,7
061,exam1,17(41-80),8
061,exam1,15,2
061,exam1,6,11
061,exam1,14,2
061,exam1,5,25
061,exam1,11,9
061,exam1,1,17
061,exam1,19,9
061,exam1,20,18
061,exam1,16,23
061,exam1,18,0
061,exam1,17(1-40),8
061,exam1,13,2
028,exam1,30,18
028,exam1,27,0
028,exam1,3,7
028,exam1,32,6
028,exam1,22,3
028,exam1,12,9
028,exam1,25,23
028,exam1,21,25
028,exam1,2,17
028,exam1,15,25
028,exam1,14,19
028,exam1,24,2
028,exam1,26(41-80),8
028,exam1,33,9
028,exam1,23,2
028,exam1,31,16
028,exam1,26(1-40),8
028,exam1,16,11
028,exam1,13,14
059,exam1,4,19
059,exam1,3,25
059,exam1,10,2
059,exam1,7,25
059,exam1,12,18
059,exam1,21,13
059,exam1,2,7
059,exam1,13(1-36),8
059,exam1,15,12
059,exam1,9,2
059,exam1,6,11
059,exam1,14,0
059,exam1,5,14
059,exam1,13(37-72),8
059,exam1,11,23
059,exam1,1,17
059,exam1,19,12
059,exam1,20,12
059,exam1,8,2
059,exam1,18,12
059,exam1,17,9
101,exam1,4,14
101,exam1,3,19
101,exam1,10,3
101,exam1,7,25
101,exam1,12,2
101,exam1,14(1-36),8
101,exam1,2,7
101,exam1,15,0
101,exam1,9,9
101,exam1,6,25
101,exam1,14(37-72),8
101,exam1,5,11
101,exam1,11,2
101,exam1,1,17
101,exam1,19,6
101,exam1,20,6
101,exam1,16,9
101,exam1,18,16
101,exam1,17,18
101,exam1,13,23
050,exam1,4,7
050,exam1,1800,0
050,exam1,10,18
050,exam1,600,11
050,exam1,602,19
050,exam1,12,18
050,exam1,21,6
050,exam1,2,17
050,exam1,15,23
050,exam1,9,18
050,exam1,1300,18
050,exam1,6,25
050,exam1,18(39-76),8
050,exam1,601,14
050,exam1,14,2
050,exam1,18(77-114),8
050,exam1,11,18
050,exam1,19,6
050,exam1,20,16
050,exam1,8,9
050,exam1,16,23
050,exam1,17,18
050,exam1,13,18
050,exam1,18(1-38),8
052,exam1,27,18
052,exam1,22,2
052,exam1,12,14
052,exam1,25,0
052,exam1,21,2
052,exam1,2,7
052,exam1,15,11
052,exam1,24(1-40),8
052,exam1,24(41-80),8
052,exam1,14,25
052,exam1,28,16
052,exam1,23,23
052,exam1,26,9
052,exam1,29,6
052,exam1,11,9
052,exam1,1,17
052,exam1,19,25
052,exam1,20,2
052,exam1,13,19
095,exam1,4,19
095,exam1,3,25
095,exam1,10,9
095,exam1,7,25
095,exam1,12,2
095,exam1,2,7
095,exam1,15,18
095,exam1,6,11
095,exam1,14,23
095,exam1,5,14
095,exam1,16(1-36),8
095,exam1,11,3
095,exam1,16(37-72),8
095,exam1,1,17
095,exam1,19,6
095,exam1,8,9
095,exam1,18,16
095,exam1,17,0
095,exam1,13,4
054,exam1,4,25
054,exam1,3,7
054,exam1,10,9
054,exam1,18(41-80),8
054,exam1,7,11
054,exam1,22,16
054,exam1,12,9
054,exam1,21,6
054,exam1,2,17
054,exam1,15,2
054,exam1,9,9
054,exam1,6,14
054,exam1,14,2
054,exam1,5,19
054,exam1,18(1-40),8
054,exam1,19,0
054,exam1,20,16
054,exam1,8,25
054,exam1,16,23
054,exam1,17,18
054,exam1,13,3
022,exam1,4,14
022,exam1,3,7
022,exam1,7,25
022,exam1,12,25
022,exam1,2,17
022,exam1,15,4
022,exam1,9,9
022,exam1,10(1-45),8
022,exam1,6,11
022,exam1,10(46-90),8
022,exam1,14,2
022,exam1,5,19
022,exam1,11,0
022,exam1,19,6
022,exam1,16,23
022,exam1,18,16
022,exam1,17,18
022,exam1,13,2
036,exam1,4,14
036,exam1,3,19
036,exam1,10,9
036,exam1,12,2
036,exam1,21,16
036,exam1,2,7
036,exam1,22(37-72),8
036,exam1,15,18
036,exam1,9,25
036,exam1,6,25
036,exam1,14,23
036,exam1,5,11
036,exam1,23,0
036,exam1,11,3
036,exam1,1,17
036,exam1,19,6
036,exam1,20,18
036,exam1,8,9
036,exam1,18,16
036,exam1,13,2
036,exam1,22(1-36),8
071,exam1,17(1-34),8
071,exam1,4,14
071,exam1,3,7
071,exam1,7,11
071,exam1,22,9
071,exam1,12,3
071,exam1,17(35-68),8
071,exam1,25,13
071,exam1,21,9
071,exam1,2,17
071,exam1,15,23
071,exam1,6,25
071,exam1,14,2
071,exam1,5,19
071,exam1,24,12
071,exam1,23,12
071,exam1,11,25
071,exam1,19,12
071,exam1,16,18
071,exam1,18,0
071,exam1,13,2
075,exam1,3,25
075,exam1,10,9
075,exam1,7,25
075,exam1,12,2
075,exam1,2,7
075,exam1,15,23
075,exam1,17(1-41),8
075,exam1,14,2
075,exam1,5,14
075,exam1,17(41-82),8
075,exam1,11,9
075,exam1,1,17
075,exam1,19,16
075,exam1,20,6
075,exam1,8,9
075,exam1,16,18
075,exam1,18,0
075,exam1,13,2
020,exam1,30,11
020,exam1,27,25
020,exam1,35,3
020,exam1,32,9
020,exam1,40(37-72),8
020,exam1,44,11
020,exam1,22,21
020,exam1,12,26
020,exam1,25,25
020,exam1,2,7
020,exam1,39,18
020,exam1,36,2
020,exam1,45,16
020,exam1,34,9
020,exam1,41,0
020,exam1,24,22
020,exam1,28,19
020,exam1,40(1-36),8
020,exam1,23,26
020,exam1,26,11
020,exam1,29,14
020,exam1,43,6
020,exam1,31,25
020,exam1,11,21
020,exam1,1,17
020,exam1,37,2
020,exam1,13,22
020,exam1,42,16
058,exam1,4,19
058,exam1,3,25
058,exam1,10,9
058,exam1,7,25
058,exam1,12,2
058,exam1,2,7
058,exam1,15,18
058,exam1,6,11
058,exam1,14,23
058,exam1,5,14
058,exam1,16(1-36),8
058,exam1,11,3
058,exam1,16(37-72),8
058,exam1,1,17
058,exam1,19,6
058,exam1,20,16
058,exam1,8,9
058,exam1,18,16
058,exam1,17,0
058,exam1,13,2
025,exam1,30,9
025,exam1,27,0
025,exam1,4,19
025,exam1,3,14
025,exam1,32,12
025,exam1,10,14
025,exam1,22,23
025,exam1,12,25
025,exam1,21,4
025,exam1,2,7
025,exam1,6,11
025,exam1,34,13
025,exam1,5,25
025,exam1,28,12
025,exam1,33,12
025,exam1,23,18
025,exam1,31,9
025,exam1,26(1-44),8
025,exam1,11,19
025,exam1,1,17
025,exam1,19,2
025,exam1,20,4
025,exam1,18,25
025,exam1,26(45-88),8
025,exam1,13,11
080,exam1,23(1-44),8
080,exam1,4,19
080,exam1,3,25
080,exam1,10,9
080,exam1,7,25
080,exam1,22,18
080,exam1,12,18
080,exam1,23(45-88),8
080,exam1,25,16
080,exam1,21,23
080,exam1,2,7
080,exam1,9,9
080,exam1,6,11
080,exam1,14,18
080,exam1,5,14
080,exam1,24,0
080,exam1,26,6
080,exam1,11,18
080,exam1,1,17
080,exam1,19,3
080,exam1,20,3
080,exam1,16,18
080,exam1,18,25
080,exam1,17,18
080,exam1,13,18
072,exam1,4,19
072,exam1,3,25
072,exam1,10,9
072,exam1,7,25
072,exam1,12,2
072,exam1,2,7
072,exam1,15,18
072,exam1,6,11
072,exam1,14,23
072,exam1,5,14
072,exam1,16(1-36),8
072,exam1,11,3
072,exam1,16(37-72),8
072,exam1,1,17
072,exam1,19,6
072,exam1,20,16
072,exam1,8,9
072,exam1,18,16
072,exam1,17,0
072,exam1,13,4
091,exam1,4,14
091,exam1,3,19
091,exam1,10,3
091,exam1,7,25
091,exam1,12,2
091,exam1,2,7
091,exam1,15,18
091,exam1,9,9
091,exam1,16(38-74),8
091,exam1,6,25
091,exam1,16(1-37),8
091,exam1,14,9
091,exam1,5,11
091,exam1,11,2
091,exam1,1,17
091,exam1,19,6
091,exam1,18,16
091,exam1,17,0
091,exam1,13,23
081,exam1,12(57-84),8
081,exam1,802,19
081,exam1,1400,11
081,exam1,801,14
081,exam1,1000,2
081,exam1,2,17
081,exam1,1100,11
081,exam1,9,9
081,exam1,1001,23
081,exam1,6,7
081,exam1,800,11
081,exam1,12(29-56),8
081,exam1,14,16
081,exam1,1002,23
081,exam1,11,23
081,exam1,8,25
081,exam1,12(1-28),8
081,exam1,13,18
081,exam1,1200,0
024,exam1,30,11
024,exam1,27,25
024,exam1,38,23
024,exam1,35,3
024,exam1,32,9
024,exam1,40(1-40),8
024,exam1,44,11
024,exam1,22,21
024,exam1,12,26
024,exam1,25,25
024,exam1,2,7
024,exam1,39,18
024,exam1,36,3
024,exam1,45,16
024,exam1,34,9
024,exam1,41,0
024,exam1,24,22
024,exam1,28,19
024,exam1,40(41-80),8
024,exam1,23,26
024,exam1,26,11
024,exam1,29,14
024,exam1,43,6
024,exam1,31,25
024,exam1,11,21
024,exam1,1,17
024,exam1,37,2
024,exam1,13,22
024,exam1,42,16
035,exam1,4,19
035,exam1,3,25
035,exam1,10,9
035,exam1,7,25
035,exam1,22,18
035,exam1,12,18
035,exam1,25,16
035,exam1,21,23
035,exam1,2,7
035,exam1,6,11
035,exam1,14,18
035,exam1,5,14
035,exam1,24,0
035,exam1,23(39-76),8
035,exam1,28,6
035,exam1,26,6
035,exam1,11,18
035,exam1,1,17
035,exam1,19,2
035,exam1,20,4
035,exam1,8,9
035,exam1,16,18
035,exam1,18,3
035,exam1,17,18
035,exam1,13,18
035,exam1,23(1-38),8
074,exam1,30,11
074,exam1,27,25
074,exam1,38,23
074,exam1,35,2
074,exam1,32,9
074,exam1,44,11
074,exam1,22,21
074,exam1,12,26
074,exam1,40,16
074,exam1,25,25
074,exam1,2,7
074,exam1,39,18
074,exam1,36,2
074,exam1,45,16
074,exam1,34,9
074,exam1,41,6
074,exam1,24,22
074,exam1,28,19
074,exam1,23,26
074,exam1,26,11
074,exam1,29,14
074,exam1,31,25
074,exam1,11,21
074,exam1,1,17
074,exam1,37,2
074,exam1,13,22
037,exam1,30,11
037,exam1,27,25
037,exam1,38,25
037,exam1,4,14
037,exam1,35,14
037,exam1,3,19
037,exam1,32,19
037,exam1,49,4
037,exam1,10,21
037,exam1,44,9
037,exam1,7,19
037,exam1,50,23
037,exam1,12,26
037,exam1,40,21
037,exam1,53,0
037,exam1,2,7
037,exam1,9,25
037,exam1,39,21
037,exam1,55,6
037,exam1,36,19
037,exam1,56,11
037,exam1,6,14
037,exam1,34,19
037,exam1,41,26
037,exam1,5,19
037,exam1,28,19
037,exam1,33,14
037,exam1,59,16
037,exam1,48,2
037,exam1,26,11
037,exam1,29,14
037,exam1,43,25
037,exam1,31,25
037,exam1,11,21
037,exam1,51,18
037,exam1,58,16
037,exam1,1,17
037,exam1,57,16
037,exam1,8,14
037,exam1,47,2
037,exam1,52(37-72),8
037,exam1,37,14
037,exam1,13,22
037,exam1,52(1-36),8
037,exam1,42,22
037,exam1,46,9
062,exam1,4,19
062,exam1,3,7
062,exam1,10,25
062,exam1,7,25
062,exam1,22,16
062,exam1,12,2
062,exam1,21,6
062,exam1,2,17
062,exam1,15,23
062,exam1,9,9
062,exam1,6,11
062,exam1,14,4
062,exam1,5,14
062,exam1,17(50-98),8
062,exam1,11,9
062,exam1,19,16
062,exam1,20,18
062,exam1,17(1-49),8
062,exam1,18,0
062,exam1,13,2
044,exam1,4,19
044,exam1,3,25
044,exam1,10,9
044,exam1,7,25
044,exam1,12,2
044,exam1,2,7
044,exam1,15,18
044,exam1,6,11
044,exam1,14,23
044,exam1,5,14
044,exam1,16(1-36),8
044,exam1,11,2
044,exam1,16(37-72),8
044,exam1,1,17
044,exam1,19,6
044,exam1,8,9
044,exam1,18,16
044,exam1,17,0
044,exam1,13,4
012,exam1,4,14
012,exam1,3,19
012,exam1,10,9
012,exam1,12,2
012,exam1,2,7
012,exam1,15,18
012,exam1,9,25
012,exam1,6,25
012,exam1,14,23
012,exam1,5,11
012,exam1,16(1-36),8
012,exam1,11,2
012,exam1,16(37-72),8
012,exam1,1,17
012,exam1,19,6
012,exam1,20,16
012,exam1,8,9
012,exam1,18,16
012,exam1,17,0
012,exam1,13,4
033,exam1,3,7
033,exam1,7,25
033,exam1,12,29
033,exam1,2,7
033,exam1,9,2
033,exam1,6,9
033,exam1,4(1-37),19
033,exam1,4(38-74),14
033,exam1,14,16
033,exam1,11,23
033,exam1,8,3
042,exam1,4,25
042,exam1,3,7
042,exam1,7,11
042,exam1,12,9
042,exam1,21,6
042,exam1,2,17
042,exam1,22(37-72),8
042,exam1,15,2
042,exam1,9,9
042,exam1,6,14
042,exam1,18(37-72),8
042,exam1,14,2
042,exam1,5,19
042,exam1,24,9
042,exam1,23,0
042,exam1,11,9
042,exam1,19,0
042,exam1,20,16
042,exam1,8,25
042,exam1,18(1-36),8
042,exam1,16,23
042,exam1,17,18
042,exam1,13,3
042,exam1,22(1-36),8
066,exam1,4,19
066,exam1,3,14
066,exam1,10,25
066,exam1,13(47-92),8
066,exam1,7,14
066,exam1,22,16
066,exam1,12,9
066,exam1,21,18
066,exam1,2,7
066,exam1,15,25
066,exam1,9,11
066,exam1,6,25
066,exam1,13(1-46),8
066,exam1,14,0
066,exam1,5,11
066,exam1,23,6
066,exam1,1,17
066,exam1,19,2
066,exam1,20,23
066,exam1,8,19
066,exam1,16,9
066,exam1,18,3
066,exam1,17,3
034,exam1,4,19
034,exam1,3,14
034,exam1,10,25
034,exam1,22,9
034,exam1,12,2
034,exam1,25,13
034,exam1,21,9
034,exam1,2,7
034,exam1,16(35-68),8
034,exam1,15,18
034,exam1,6,11
034,exam1,16(1-34),8
034,exam1,14,23
034,exam1,5,25
034,exam1,24,12
034,exam1,23,12
034,exam1,11,3
034,exam1,1,17
034,exam1,19,12
034,exam1,18,18
034,exam1,17,0
034,exam1,13,4
055,exam1,4,19
055,exam1,3,25
055,exam1,10,9
055,exam1,7,25
055,exam1,12,2
055,exam1,2,7
055,exam1,15,18
055,exam1,6,11
055,exam1,14,23
055,exam1,5,14
055,exam1,16(1-36),8
055,exam1,11,3
055,exam1,16(37-72),8
055,exam1,1,17
055,exam1,19,6
055,exam1,20,16
055,exam1,8,9
055,exam1,18,16
055,exam1,17,0
055,exam1,13,2
026,exam1,30,6
026,exam1,27,18
026,exam1,22,2
026,exam1,12,14
026,exam1,25,0
026,exam1,21,2
026,exam1,2,7
026,exam1,15,11
026,exam1,24(1-40),8
026,exam1,24(41-80),8
026,exam1,14,25
026,exam1,28,16
026,exam1,23,23
026,exam1,26,9
026,exam1,11,9
026,exam1,1,17
026,exam1,19,25
026,exam1,20,3
026,exam1,13,19
010,exam1,4,19
010,exam1,10,9
010,exam1,18(41-80),8
010,exam1,7,25
010,exam1,22,16
010,exam1,12,9
010,exam1,21,6
010,exam1,2,17
010,exam1,15,2
010,exam1,6,11
010,exam1,14,2
010,exam1,5,14
010,exam1,18(1-40),8
010,exam1,11,25
010,exam1,19,0
010,exam1,20,16
010,exam1,8,7
010,exam1,16,23
010,exam1,17,18
010,exam1,13,3
103,exam1,27,18
103,exam1,4,19
103,exam1,3,14
103,exam1,10,25
103,exam1,22,12
103,exam1,12,2
103,exam1,25,12
103,exam1,21,9
103,exam1,2,7
103,exam1,16(35-68),8
103,exam1,15,18
103,exam1,6,11
103,exam1,16(1-34),8
103,exam1,14,23
103,exam1,5,25
103,exam1,24,18
103,exam1,28,18
103,exam1,23,18
103,exam1,26,13
103,exam1,11,2
103,exam1,1,17
103,exam1,20,9
103,exam1,18,12
103,exam1,17,0
103,exam1,13,4
094,exam1,4,25
094,exam1,3,7
094,exam1,17(1-38),8
094,exam1,7,11
094,exam1,12,2
094,exam1,21,16
094,exam1,15,23
094,exam1,9,9
094,exam1,6,14
094,exam1,14,2
094,exam1,5,19
094,exam1,17(39-76),8
094,exam1,11,9
094,exam1,1,17
094,exam1,19,16
094,exam1,20,6
094,exam1,8,25
094,exam1,16,18
094,exam1,18,0
094,exam1,13,2
056,exam1,3,7
056,exam1,7,18
056,exam1,12,16
056,exam1,11(1-32),8
056,exam1,1000,4
056,exam1,1100,0
056,exam1,1001,23
056,exam1,900,25
056,exam1,6,9
056,exam1,11(33-64),8
056,exam1,502,19
056,exam1,5,25
056,exam1,501,14
056,exam1,901,25
056,exam1,500,11
056,exam1,11(65-96),8
056,exam1,1,17
056,exam1,902,3
056,exam1,13,6
053,exam1,4,19
053,exam1,3,25
053,exam1,10,9
053,exam1,7,25
053,exam1,12,2
053,exam1,21,18
053,exam1,2,7
053,exam1,15,18
053,exam1,6,11
053,exam1,14,23
053,exam1,5,14
053,exam1,16(1-36),8
053,exam1,11,3
053,exam1,16(37-72),8
053,exam1,1,17
053,exam1,19,6
053,exam1,20,16
053,exam1,8,9
053,exam1,18,16
053,exam1,17,0
053,exam1,13,2
077,exam1,4,25
077,exam1,3,7
077,exam1,10,9
077,exam1,18(41-80),8
077,exam1,7,11
077,exam1,22,6
077,exam1,12,9
077,exam1,21,16
077,exam1,15,2
077,exam1,9,9
077,exam1,6,14
077,exam1,14,2
077,exam1,5,19
077,exam1,18(1-40),8
077,exam1,1,17
077,exam1,19,0
077,exam1,20,18
077,exam1,8,25
077,exam1,16,23
077,exam1,13,3
097,exam1,4,14
097,exam1,3,7
097,exam1,18(41-80),8
097,exam1,7,11
097,exam1,22,16
097,exam1,12,9
097,exam1,21,18
097,exam1,2,17
097,exam1,15,4
097,exam1,6,25
097,exam1,14,2
097,exam1,5,19
097,exam1,24,6
097,exam1,18(1-40),8
097,exam1,19,0
097,exam1,20,9
097,exam1,16,4
097,exam1,17,23
097,exam1,13,25
030,exam1,27,6
030,exam1,22,23
030,exam1,12,19
030,exam1,25,0
030,exam1,21,2
030,exam1,2,17
030,exam1,15,25
030,exam1,24(1-40),8
030,exam1,24(41-80),8
030,exam1,14,11
030,exam1,5,7
030,exam1,28,16
030,exam1,23,18
030,exam1,26,16
030,exam1,11,25
030,exam1,19,3
030,exam1,20,3
030,exam1,16,9
030,exam1,18,9
030,exam1,13,14
017,exam1,9(1-84),25
017,exam1,8(24-46),14
017,exam1,4,9
017,exam1,3,9
017,exam1,900(337-420),29
017,exam1,9(337-420),16
017,exam1,900(421-504),29
017,exam1,900(85-168),5
017,exam1,900(253-336),29
017,exam1,9(169-252),23
017,exam1,900(169-252),29
017,exam1,6,17
017,exam1,5,7
017,exam1,9(253-336),16
017,exam1,9(421-504),16
017,exam1,1,17
017,exam1,9(85-168),2
017,exam1,8(1-23),19
007,exam1,4,9
007,exam1,10,2
007,exam1,7,11
007,exam1,12,2
007,exam1,14(1-40),8
007,exam1,2,7
007,exam1,15,0
007,exam1,9,25
007,exam1,6,14
007,exam1,5,19
007,exam1,14(41-80),8
007,exam1,11,2
007,exam1,1,17
007,exam1,19,6
007,exam1,8,25
007,exam1,16,9
007,exam1,18,16
007,exam1,17,18
007,exam1,13,23
047,exam1,4,25
047,exam1,3,7
047,exam1,10,2
047,exam1,15(1-38),8
047,exam1,7,11
047,exam1,22,12
047,exam1,12,23
047,exam1,25,18
047,exam1,21,12
047,exam1,2,7
047,exam1,9,3
047,exam1,6,14
047,exam1,14,18
047,exam1,5,19
047,exam1,24,13
047,exam1,15(39-76),8
047,exam1,23,12
047,exam1,26,18
047,exam1,11,2
047,exam1,1,17
047,exam1,20,9
047,exam1,8,25
047,exam1,16,0
047,exam1,18,12
047,exam1,17,12
047,exam1,13,18
068,exam1,30,25
068,exam1,27,19
068,exam1,38,2
068,exam1,35,9
068,exam1,3,7
068,exam1,32,25
068,exam1,44,1
068,exam1,12,21
068,exam1,40,23
068,exam1,25,22
068,exam1,2,7
068,exam1,39,2
068,exam1,36,9
068,exam1,45,16
068,exam1,14,22
068,exam1,24,26
068,exam1,28,14
068,exam1,23,21
068,exam1,26,25
068,exam1,29,11
068,exam1,43,6
068,exam1,31,11
068,exam1,1,17
068,exam1,37,3
068,exam1,13,26
068,exam1,42,16
068,exam1,46,18
001,exam1,30,18
001,exam1,32,6
001,exam1,27(45-88),8
001,exam1,22,25
001,exam1,12,7
001,exam1,25,4
001,exam1,21,9
001,exam1,15,25
001,exam1,14,19
001,exam1,24,4
001,exam1,27(1-44),8
001,exam1,28,0
001,exam1,33,9
001,exam1,23,2
001,exam1,26,23
001,exam1,29,9
001,exam1,31,16
001,exam1,11,17
001,exam1,16,11
001,exam1,13,14
069,exam1,4,25
069,exam1,3,9
069,exam1,10,2
069,exam1,7,11
069,exam1,22,13
069,exam1,12,23
069,exam1,14(1-36),8
069,exam1,21,12
069,exam1,2,7
069,exam1,15,0
069,exam1,9,2
069,exam1,6,14
069,exam1,14(37-72),8
069,exam1,5,19
069,exam1,11,4
069,exam1,1,17
069,exam1,19,12
069,exam1,20,12
069,exam1,8,25
069,exam1,16,12
069,exam1,18,9
069,exam1,13,18
076,exam1,4,14
076,exam1,3,19
076,exam1,10,25
076,exam1,17(1-36),8
076,exam1,12,2
076,exam1,21,16
076,exam1,17(37-72),8
076,exam1,15,23
076,exam1,9,7
076,exam1,6,25
076,exam1,14,4
076,exam1,5,11
076,exam1,11,9
076,exam1,1,17
076,exam1,19,16
076,exam1,20,6
076,exam1,8,9
076,exam1,16,18
076,exam1,18,0
076,exam1,13,2
041,exam1,4,19
041,exam1,3,25
041,exam1,10,9
041,exam1,7,25
041,exam1,12,2
041,exam1,2,7
041,exam1,15,18
041,exam1,6,11
041,exam1,14,23
041,exam1,5,14
041,exam1,16(1-36),8
041,exam1,11,3
041,exam1,16(37-72),8
041,exam1,1,17
041,exam1,19,6
041,exam1,8,9
041,exam1,18,16
041,exam1,17,0
041,exam1,13,2
002,exam1,4,7
002,exam1,701,3
002,exam1,2000,11
002,exam1,600,11
002,exam1,602,19
002,exam1,12,9
002,exam1,2,17
002,exam1,1100,11
002,exam1,15,12
002,exam1,9,23
002,exam1,1900,11
002,exam1,900,11
002,exam1,6,25
002,exam1,1700,11
002,exam1,10(1-28),8
002,exam1,601,14
002,exam1,14,9
002,exam1,1500,11
002,exam1,10(57-84),8
002,exam1,11,12
002,exam1,702,2
002,exam1,19,12
002,exam1,20,13
002,exam1,10(29-56),8
002,exam1,16,9
002,exam1,18,18
002,exam1,17,12
002,exam1,13,18
078,exam1,4,19
078,exam1,3,25
078,exam1,10,9
078,exam1,7,25
078,exam1,12,25
078,exam1,2,7
078,exam1,17(41-80),8
078,exam1,15,2
078,exam1,6,11
078,exam1,14,2
078,exam1,5,14
078,exam1,11,9
078,exam1,1,17
078,exam1,19,16
078,exam1,20,6
078,exam1,8,9
078,exam1,16,18
078,exam1,18,0
078,exam1,17(1-40),8
078,exam1,13,3
019,exam1,4,25
019,exam1,3,7
019,exam1,20(37-72),8
019,exam1,7,11
019,exam1,20(1-36),8
019,exam1,22,16
019,exam1,21,0
019,exam1,2,17
019,exam1,15,2
019,exam1,9,9
019,exam1,6,14
019,exam1,14,9
019,exam1,5,19
019,exam1,24,18
019,exam1,23,6
019,exam1,11,9
019,exam1,19,18
019,exam1,8,25
019,exam1,16,2
019,exam1,18,23
019,exam1,17,23
060,exam1,4,19
060,exam1,7,25
060,exam1,22,6
060,exam1,2,17
060,exam1,15,2
060,exam1,9,25
060,exam1,6,11
060,exam1,14,2
060,exam1,5,14
060,exam1,19,18
060,exam1,20,16
060,exam1,8,7
060,exam1,16,4
060,exam1,18,9
060,exam1,17,23
060,exam1,13,9
038,exam1,30,18
038,exam1,27,23
038,exam1,28(32-62),8
038,exam1,22,25
038,exam1,2200,11
038,exam1,21,7
038,exam1,29(41-80),8
038,exam1,2202,19
038,exam1,29(81-120),8
038,exam1,29(1-40),8
038,exam1,28(63-93),8
038,exam1,28(1-31),9
038,exam1,2800,0
038,exam1,2602,2
038,exam1,31,16
038,exam1,2601,3
038,exam1,18,17
038,exam1,2600,25
038,exam1,2201,14
098,exam1,4,7
098,exam1,3,9
098,exam1,8(1-25),19
098,exam1,7(1-22),19
098,exam1,12,16
098,exam1,2,17
098,exam1,7(23-44),14
098,exam1,9,25
098,exam1,6,9
098,exam1,10(65-128),23
098,exam1,11,6
098,exam1,8(26-50),14
098,exam1,10(1-64),2
098,exam1,13,29
098,exam1,10(129-192),16
040,exam1,4,19
040,exam1,3,25
040,exam1,7,25
040,exam1,22,6
040,exam1,12,2
040,exam1,21,16
040,exam1,19(1-36),8
040,exam1,2,7
040,exam1,15,23
040,exam1,9,9
040,exam1,6,11
040,exam1,14,2
040,exam1,19(37-72),8
040,exam1,5,14
040,exam1,23,16
040,exam1,11,9
040,exam1,1,17
040,exam1,20,0
040,exam1,16,18
040,exam1,18,18
040,exam1,17,18
040,exam1,13,2
016,exam1,4,19
016,exam1,3,25
016,exam1,7,25
016,exam1,12,7
016,exam1,21,6
016,exam1,2,7
016,exam1,15,2
016,exam1,9,9
016,exam1,6,11
016,exam1,18(37-72),8
016,exam1,14,2
016,exam1,5,14
016,exam1,11,9
016,exam1,1,17
016,exam1,19,0
016,exam1,20,16
016,exam1,8,9
016,exam1,18(1-36),8
016,exam1,16,23
016,exam1,17,18
016,exam1,13,2
048,exam1,4,19
048,exam1,3,25
048,exam1,10,9
048,exam1,7,25
048,exam1,12,2
048,exam1,2,7
048,exam1,15,18
048,exam1,6,11
048,exam1,14,23
048,exam1,5,14
048,exam1,16(1-36),8
048,exam1,11,3
048,exam1,16(37-72),8
048,exam1,1,17
048,exam1,19,6
048,exam1,20,16
048,exam1,8,9
048,exam1,18,16
048,exam1,17,0
048,exam1,13,2
049,exam1,30,16
049,exam1,27,0
049,exam1,22,2
049,exam1,12,14
049,exam1,25,23
049,exam1,21,3
049,exam1,2,7
049,exam1,15,11
049,exam1,14,25
049,exam1,26(41-80),8
049,exam1,28,9
049,exam1,23,2
049,exam1,29,18
049,exam1,31,6
049,exam1,1,17
049,exam1,20,25
049,exam1,26(1-40),8
049,exam1,13,19
102,exam1,4,19
102,exam1,3,25
102,exam1,16(41-80),8
102,exam1,10,9
102,exam1,7,25
102,exam1,12,2
102,exam1,2,7
102,exam1,15,18
102,exam1,6,11
102,exam1,14,23
102,exam1,5,14
102,exam1,16(1-40),8
102,exam1,11,3
102,exam1,1,17
102,exam1,19,6
102,exam1,8,9
102,exam1,18,16
102,exam1,17,0
102,exam1,13,2
104,exam1,4,25
104,exam1,3,7
104,exam1,7,11
104,exam1,18(1-34),8
104,exam1,22,18
104,exam1,12,9
104,exam1,21,6
104,exam1,2,17
104,exam1,15,2
104,exam1,9,9
104,exam1,6,14
104,exam1,14,2
104,exam1,5,19
104,exam1,11,9
104,exam1,19,0
104,exam1,20,16
104,exam1,8,25
104,exam1,16,23
104,exam1,17,18
104,exam1,13,3
104,exam1,18(35-68),8
089,exam1,4,19
089,exam1,3,25
089,exam1,10,9
089,exam1,7,25
089,exam1,12,3
089,exam1,2,7
089,exam1,15,18
089,exam1,6,11
089,exam1,14,23
089,exam1,5,14
089,exam1,16(1-36),8
089,exam1,11,3
089,exam1,16(37-72),8
089,exam1,1,17
089,exam1,19,6
089,exam1,20,16
089,exam1,8,9
089,exam1,18,16
089,exam1,17,0
089,exam1,13,2
008,exam1,3,7
008,exam1,802,2
008,exam1,7,9
008,exam1,12,16
008,exam1,801,3
008,exam1,1000,0
008,exam1,9,23
008,exam1,900,11
008,exam1,800,25
008,exam1,502,19
008,exam1,5,25
008,exam1,501,14
008,exam1,500,11
008,exam1,10(69-102),8
008,exam1,11,18
008,exam1,1,17
008,exam1,10(35-68),8
008,exam1,10(1-34),8
008,exam1,1200,11
064,exam1,3,25
064,exam1,17(44-86),8
064,exam1,7,25
064,exam1,12,2
064,exam1,17(1-43),8
064,exam1,2,7
064,exam1,15,23
064,exam1,9,9
064,exam1,14,4
064,exam1,5,14
064,exam1,11,9
064,exam1,1,17
064,exam1,19,16
064,exam1,20,6
064,exam1,8,9
064,exam1,16,18
064,exam1,18,0
064,exam1,13,2
046,exam1,4,7
046,exam1,802,2
046,exam1,10(1-27),8
046,exam1,7,9
046,exam1,12,16
046,exam1,801,3
046,exam1,1000,0
046,exam1,2,17
046,exam1,10(55-81),8
046,exam1,9,23
046,exam1,900,11
046,exam1,800,25
046,exam1,502,19
046,exam1,5,25
046,exam1,501,14
046,exam1,500,11
046,exam1,11,18
046,exam1,10(28-54),8
046,exam1,1200,11
079,exam1,4,25
079,exam1,3,7
079,exam1,10,2
079,exam1,7,11
079,exam1,12,23
079,exam1,15,0
079,exam1,9,3
079,exam1,6,14
079,exam1,14(45-88),8
079,exam1,5,19
079,exam1,14(1-44),8
079,exam1,11,2
079,exam1,1,17
079,exam1,19,12
079,exam1,20,12
079,exam1,8,25
079,exam1,16,12
079,exam1,18,9
079,exam1,13,18
003,exam1,4,19
003,exam1,3,14
003,exam1,10,0
003,exam1,12,2
003,exam1,2,7
003,exam1,15,23
003,exam1,6,11
003,exam1,14,2
003,exam1,5,25
003,exam1,11,25
003,exam1,1,17
003,exam1,19,16
003,exam1,8,9
003,exam1,9(46-90),8
003,exam1,16,18
003,exam1,18,6
003,exam1,17,16
003,exam1,9(1-45),8
003,exam1,13,2
021,exam1,4,19
021,exam1,3,7
021,exam1,10,25
021,exam1,17(1-36),8
021,exam1,7,25
021,exam1,12,2
021,exam1,21,16
021,exam1,2,17
021,exam1,17(37-72),8
021,exam1,15,23
021,exam1,9,9
021,exam1,6,11
021,exam1,14,4
021,exam1,5,14
021,exam1,11,9
021,exam1,19,16
021,exam1,20,6
021,exam1,16,18
021,exam1,18,0
021,exam1,13,2
004,exam1,4,19
004,exam1,3,25
004,exam1,10,9
004,exam1,7,25
004,exam1,12,2
004,exam1,21,18
004,exam1,2,7
004,exam1,15,18
004,exam1,6,11
004,exam1,14,23
004,exam1,5,14
004,exam1,16(1-36),8
004,exam1,11,2
004,exam1,16(37-72),8
004,exam1,1,17
004,exam1,19,6
004,exam1,20,16
004,exam1,8,9
004,exam1,18,16
004,exam1,17,0
004,exam1,13,2
092,exam1,13(1-45),8
092,exam1,13(46-90),8
092,exam1,4,19
092,exam1,3,14
092,exam1,10,19
092,exam1,22,23
092,exam1,12,25
092,exam1,25,18
092,exam1,21,4
092,exam1,2,7
092,exam1,15,14
092,exam1,9,14
092,exam1,6,11
092,exam1,14,0
092,exam1,5,25
092,exam1,24,16
092,exam1,23,18
092,exam1,11,11
092,exam1,1,17
092,exam1,19,2
092,exam1,20,4
092,exam1,8,9
092,exam1,16,19
092,exam1,18,25
092,exam1,17,11
086,exam1,4,19
086,exam1,3,14
086,exam1,15(33-64),8
086,exam1,10,2
086,exam1,7,25
086,exam1,22,18
086,exam1,12,2
086,exam1,2,7
086,exam1,9,9
086,exam1,6,25
086,exam1,14,18
086,exam1,5,11
086,exam1,11,2
086,exam1,1,17
086,exam1,20,18
086,exam1,15(1-32),8
086,exam1,16,0
086,exam1,18,6
086,exam1,17,16
086,exam1,13,23
011,exam1,4,25
011,exam1,3,7
011,exam1,10,9
011,exam1,18(41-80),8
011,exam1,7,11
011,exam1,22,9
011,exam1,12,9
011,exam1,21,6
011,exam1,15,2
011,exam1,9,9
011,exam1,6,14
011,exam1,14,2
011,exam1,5,19
011,exam1,18(1-40),8
011,exam1,1,17
011,exam1,19,0
011,exam1,20,16
011,exam1,8,25
011,exam1,16,23
011,exam1,17,18
011,exam1,13,3
027,exam1,4,19
027,exam1,3,25
027,exam1,10,9
027,exam1,17(1-36),8
027,exam1,7,25
027,exam1,12,3
027,exam1,2,7
027,exam1,17(37-72),8
027,exam1,15,23
027,exam1,6,11
027,exam1,14,2
027,exam1,5,14
027,exam1,11,9
027,exam1,1,17
027,exam1,19,16
027,exam1,20,6
027,exam1,8,9
027,exam1,16,18
027,exam1,18,0
027,exam1,13,2
087,exam1,4,19
087,exam1,3,25
087,exam1,10,9
087,exam1,7,25
087,exam1,12,2
087,exam1,21,16
087,exam1,2,7
087,exam1,6,11
087,exam1,14,23
087,exam1,5,14
087,exam1,16(1-36),8
087,exam1,11,2
087,exam1,16(37-72),8
087,exam1,1,17
087,exam1,19,16
087,exam1,20,6
087,exam1,8,9
087,exam1,18,18
087,exam1,17,0
087,exam1,13,2
082,exam1,4,25
082,exam1,3,7
082,exam1,17(1-36),8
082,exam1,7,11
082,exam1,12,3
082,exam1,21,16
082,exam1,2,17
082,exam1,17(37-72),8
082,exam1,15,23
082,exam1,9,9
082,exam1,6,14
082,exam1,14,4
082,exam1,5,19
082,exam1,11,9
082,exam1,19,16
082,exam1,20,6
082,exam1,8,25
082,exam1,16,18
082,exam1,18,0
082,exam1,13,2
099,exam1,4,19
099,exam1,3,25
099,exam1,10,9
099,exam1,17(1-36),8
099,exam1,7,25
099,exam1,12,2
099,exam1,2,7
099,exam1,17(37-72),8
099,exam1,15,23
099,exam1,6,11
099,exam1,14,4
099,exam1,5,14
099,exam1,11,9
099,exam1,1,17
099,exam1,19,16
099,exam1,20,6
099,exam1,8,9
099,exam1,16,18
099,exam1,18,0
099,exam1,13,4
096,exam1,30,9
096,exam1,27,14
096,exam1,35,4
096,exam1,32,9
096,exam1,22,21
096,exam1,12,26
096,exam1,40,16
096,exam1,25,25
096,exam1,38(39-76),8
096,exam1,2,7
096,exam1,39,0
096,exam1,36,23
096,exam1,34,2
096,exam1,41,6
096,exam1,24,22
096,exam1,28,11
096,exam1,33,2
096,exam1,23,26
096,exam1,26,19
096,exam1,29,25
096,exam1,11,21
096,exam1,1,17
096,exam1,38(1-38),8
096,exam1,37,18
096,exam1,13,22
006,exam1,4,25
006,exam1,3,7
006,exam1,10,9
006,exam1,7,11
006,exam1,22,16
006,exam1,12,9
006,exam1,21,6
006,exam1,2,7
006,exam1,15,2
006,exam1,6,14
006,exam1,18(37-72),8
006,exam1,14,2
006,exam1,5,19
006,exam1,1,17
006,exam1,19,0
006,exam1,20,16
006,exam1,8,25
006,exam1,18(1-36),8
006,exam1,16,23
006,exam1,17,18
006,exam1,13,3
070,exam1,11(71-105),8
070,exam1,701,14
070,exam1,10,23
070,exam1,12(87-129),8
070,exam1,12(44-86),8
070,exam1,7,25
070,exam1,2,17
070,exam1,1100,0
070,exam1,700,11
070,exam1,900,3
070,exam1,14,16
070,exam1,5,7
070,exam1,11(1-35),8
070,exam1,901,2
070,exam1,702,19
070,exam1,8,9
070,exam1,11(36-70),8
070,exam1,12(1-43),8
070,exam1,902,4
070,exam1,13,18
039,exam1,16(41-80),8
039,exam1,10,9
039,exam1,12,2
039,exam1,15,18
039,exam1,9,25
039,exam1,6,25
039,exam1,14,23
039,exam1,16(1-40),8
039,exam1,11,3
039,exam1,1,17
039,exam1,19,6
039,exam1,20,16
039,exam1,8,9
039,exam1,18,16
039,exam1,17,0
039,exam1,13,2
084,exam1,4,19
084,exam1,3,14
084,exam1,14(1-38),8
084,exam1,10,3
084,exam1,7,25
084,exam1,12,4
084,exam1,2,7
084,exam1,15,0
084,exam1,9,9
084,exam1,6,25
084,exam1,11,2
084,exam1,1,17
084,exam1,19,6
084,exam1,14(39-76),8
084,exam1,16,9
084,exam1,18,16
084,exam1,17,18
084,exam1,13,23
043,exam1,3,7
043,exam1,10,25
043,exam1,7,19
043,exam1,22,16
043,exam1,12,3
043,exam1,21,6
043,exam1,19(1-36),8
043,exam1,15,23
043,exam1,9,11
043,exam1,6,25
043,exam1,14,2
043,exam1,19(37-72),8
043,exam1,5,9
043,exam1,11,9
043,exam1,1,17
043,exam1,20,0
043,exam1,8,14
043,exam1,18,18
043,exam1,17,16
043,exam1,13,2
045,exam1,4,25
045,exam1,3,7
045,exam1,10,2
045,exam1,7,11
045,exam1,12,4
045,exam1,2,7
045,exam1,9,9
045,exam1,6,14
045,exam1,14,18
045,exam1,5,19
045,exam1,11,2
045,exam1,1,17
045,exam1,15(1-40),8
045,exam1,8,25
045,exam1,16,0
045,exam1,18,16
045,exam1,15(41-80),8
045,exam1,17,16
045,exam1,13,23
083,exam1,4,19
083,exam1,3,25
083,exam1,10,9
083,exam1,7,25
083,exam1,12,2
083,exam1,2,7
083,exam1,15,18
083,exam1,6,11
083,exam1,14,23
083,exam1,5,14
083,exam1,16(1-36),8
083,exam1,11,2
083,exam1,16(37-72),8
083,exam1,1,17
083,exam1,19,6
083,exam1,20,16
083,exam1,8,9
083,exam1,18,16
083,exam1,17,0
083,exam1,13,2